# unix_time, cycles_done, cur_path, paths_total, pending_total, pending_favs, map_size, unique_crashes, unique_hangs, max_depth, execs_per_sec
1664729486, 0, 0, 1, 1, 1, 0.05%, 0, 0, 1, 727.27
1664729491, 0, 0, 27, 27, 1, 0.14%, 1, 1, 2, 625.27
1664729496, 0, 0, 35, 35, 1, 0.17%, 1, 1, 2, 130.77
1664729501, 0, 0, 36, 36, 1, 0.17%, 1, 1, 2, 14.31
1664729506, 0, 0, 37, 37, 1, 0.17%, 1, 1, 2, 585.71
1664729615, 0, 0, 37, 37, 1, 0.17%, 1, 2, 2, 119.12
1664729620, 0, 0, 39, 39, 1, 0.17%, 1, 2, 2, 68.63
1664729626, 0, 0, 40, 40, 1, 0.17%, 1, 2, 2, 392.78
1664729636, 0, 0, 41, 41, 1, 0.18%, 1, 2, 2, 47.50
1664729737, 0, 0, 42, 42, 1, 0.18%, 1, 2, 2, 0.94
1664729754, 0, 0, 42, 42, 1, 0.18%, 1, 3, 2, 25.15
1664729831, 0, 0, 42, 42, 1, 0.18%, 1, 4, 2, 14.70
1664729836, 0, 0, 43, 43, 1, 0.18%, 1, 4, 2, 0.49
1664729865, 0, 0, 44, 44, 1, 0.18%, 1, 4, 2, 26.47
1664729870, 0, 0, 45, 45, 1, 0.19%, 1, 4, 2, 28.15
1664729876, 0, 0, 46, 46, 1, 0.19%, 1, 4, 2, 1.16
1664729900, 0, 0, 47, 47, 1, 0.19%, 1, 4, 2, 21.25
1664729905, 0, 0, 48, 48, 1, 0.19%, 1, 4, 2, 2.90
1664730089, 0, 0, 49, 49, 1, 0.19%, 1, 4, 2, 30.70
1664730185, 0, 0, 50, 50, 1, 0.19%, 1, 4, 2, 25.46
1664730307, 0, 0, 51, 51, 1, 0.19%, 1, 4, 2, 23.17
